
Iteration -1
  0.00,   0.00,   0.00,   0.00, 
  0.00,   1.33,   0.67,   0.00, 
  0.00,   0.67,   1.33,   0.00, 
  0.00,   0.00,   0.00,   0.00, 

ro_prev = 4.44

Iteration 0

As 0
  0.00,   0.00,   0.00,   0.00, 
  0.00,   4.00,   0.00,   0.00, 
  0.00,   0.00,   4.00,   0.00, 
  0.00,   0.00,   0.00,   0.00, 

4.4444 / 10.67 = 0.42

X 0
  1.00,   0.67,   0.33,   0.00, 
  0.67,   0.56,   0.28,   0.33, 
  0.33,   0.28,   0.56,   0.67, 
  0.00,   0.33,   0.67,   1.00, 


R 0
  0.00,   0.00,   0.00,   0.00, 
  0.00,  -0.33,   0.67,   0.00, 
  0.00,   0.67,  -0.33,   0.00, 
  0.00,   0.00,   0.00,   0.00, 

beta = -0.25
ro_prev = 4.44
ro = 1.11
beta = -0.2500,  ro_prev=1.11 ro=1.11

S 0
  0.00,   0.00,   0.00,   0.00, 
  0.00,  -0.00,   0.83,   0.00, 
  0.00,   0.83,   0.00,   0.00, 
  0.00,   0.00,   0.00,   0.00, 


Iteration 1

As 1
  0.00,   0.00,   0.00,   0.00, 
  0.00,  -1.67,   3.33,   0.00, 
  0.00,   3.33,  -1.67,   0.00, 
  0.00,   0.00,   0.00,   0.00, 

1.1111 / 5.56 = 0.20

X 1
  1.00,   0.67,   0.33,   0.00, 
  0.67,   0.56,   0.44,   0.33, 
  0.33,   0.44,   0.56,   0.67, 
  0.00,   0.33,   0.67,   1.00, 


R 1
  0.00,   0.00,   0.00,   0.00, 
  0.00,   0.00,   0.00,   0.00, 
  0.00,   0.00,   0.00,   0.00, 
  0.00,   0.00,   0.00,   0.00, 

beta = -0.00
ro_prev = 1.11
ro = 0.00
beta = -0.0000,  ro_prev=0.00 ro=0.00

S 1
  0.00,   0.00,   0.00,   0.00, 
  0.00,  -0.00,   0.00,   0.00, 
  0.00,   0.00,   0.00,   0.00, 
  0.00,   0.00,   0.00,   0.00, 


END:
  1.00,   0.67,   0.33,   0.00, 
  0.67,   0.56,   0.44,   0.33, 
  0.33,   0.44,   0.56,   0.67, 
  0.00,   0.33,   0.67,   1.00, 

